Layer: fc1.weight | Size: torch.Size([50, 784]) | Value: tensor([[ 0.0327, -0.0031,  0.0334,  ...,  0.0197,  0.0182, -0.0252],
        [ 0.0324,  0.0048,  0.0085,  ..., -0.0031, -0.0357,  0.0103]],
       grad_fn=<SliceBackward0>)
Layer: fc1.bias | Size: torch.Size([50]) | Value: tensor([0.0945, 0.1849], grad_fn=<SliceBackward0>)
Layer: fc2.weight | Size: torch.Size([10, 50]) | Value: tensor([[ 0.5898, -0.1382,  0.1048, -0.1310, -0.4260, -0.4517, -0.0520, -0.0889,
         -0.2267,  0.1181, -0.3008,  0.1260,  0.3707, -0.1080, -0.1181, -0.5074,
         -0.4264, -0.3387,  0.4351, -0.4004,  0.2265,  0.2777, -0.1968, -0.4831,
          0.0680, -0.3991,  0.3687,  0.5435,  0.1643, -0.0859, -0.2595, -0.1391,
         -0.2148, -0.0823,  0.1842, -0.3691,  0.2994, -0.2007,  0.3808, -0.2961,
         -0.1286,  0.0948, -0.2735,  0.2803,  0.1415,  0.4243, -0.0878, -0.1702,
         -0.2932, -0.2489],
        [-0.6142,  0.3970,  0.2986,  0.0659, -0.1448,  0.2597,  0.1088,  0.6018,
         -0.2160, -0.2620, -0.1887,  0.2527, -0.4060, -0.4073, -0.0630, -0.2214,
          0.4193,  0.2365, -0.3233, -0.0860,  0.3365, -0.0050,  0.3615,  0.5293,
          0.1705,  0.3287, -0.4610, -0.5182, -0.2323,  0.1582,  0.1668, -0.0238,
          0.2435,  0.1153, -0.2257,  0.3521, -0.4903,  0.3545,  0.2015, -0.4532,
         -0.0530, -0.0125,  0.3448, -0.1923, -0.0026,  0.3478,  0.0527, -0.3433,
          0.3444,  0.2746]], grad_fn=<SliceBackward0>)
Layer: fc2.bias | Size: torch.Size([10]) | Value: tensor([-0.1729,  0.1250], grad_fn=<SliceBackward0>)
